,Topic1,Topic2,Topic3,Topic4,Topic5,Topic6,Topic7,Topic8,Topic9,Topic10
adj_0,0.23226717673668437,0.43659010755589917,0.028164894169673077,0.03007059154956402,0.009510143671421648,0.06933120454404926,0.060581945307820434,0.0863536944544511,0.009931597780730661,0.037198644229706285
adj_1,0.16745659632737556,0.20924924990024138,0.010375169545875109,0.06397004620668413,0.0009433962281005798,0.024818990424265143,0.05834988443396236,0.1666102854758605,0.0009433963420327805,0.29728298511560247
adj_2,0.1656653903202196,0.20832263408689278,0.02057291824812906,0.0669068170224706,0.0009803921585557105,0.028080845884599966,0.03046755884820972,0.18025118536976706,0.0009803922721563817,0.2977718657889991
adj_3,0.1767236483988391,0.22050950275189116,0.010888840970993963,0.03458324318111934,0.0009900990121067348,0.02632440586319263,0.020836860184793776,0.16544938972527362,0.010892555109954174,0.33280145480183554
adj_4,0.4354462177804362,0.2174695827889615,0.01122958958424638,0.022208063912324286,0.01962563676118342,0.019622048585968416,0.19509408611595006,0.0582640935403834,0.0009345816831916462,0.020106099247354743
adj_5,0.37388494269021705,0.19095638556469985,0.20325439122066358,0.08280141340523389,0.0010638304980744424,0.03633242419912438,0.0010638713850533094,0.05502910308635626,0.02233954714382396,0.03327409080675343
adj_6,0.4429994993335837,0.23371028721455828,0.010308438691891877,0.03268075161129641,0.019532432344464355,0.010096472878448904,0.15209422131101002,0.06600181170943763,0.0009174339824007555,0.03165865092290823
adj_7,0.43622355178845934,0.21087160530879667,0.09649084226037605,0.02767835179154227,0.0008928571450578031,0.03744225543943776,0.06933678316636349,0.10136947305583548,0.0008928571446686008,0.018801422899462638
adj_8,0.5020837471614404,0.22928299970463928,0.06297957786503437,0.009821047066057803,0.0008928571447462771,0.019366793851981652,0.04663948024470104,0.11820026433814802,0.0008928590748924216,0.009840373548358677
adj_9,0.1353099336534568,0.20383854739583984,0.010473949461508897,0.04420566433559995,0.0009523809546920056,0.026485587396769174,0.05824955367888065,0.18967910527227214,0.010477105792700763,0.32032817205827974
adj_10,0.16664050844709238,0.18335283750842848,0.0009901198484461077,0.050632245465021146,0.04421938706136393,0.09641197437996182,0.010962743056194177,0.17678005064359364,0.000990121451210124,0.26902001213868815
adj_11,0.1848086990201952,0.46334792458306706,0.0272143175932128,0.01524055399604101,0.018168526246131488,0.06472033124235314,0.06391032568315821,0.12126940654899408,0.0008620872405338642,0.040457827846313174
adj_12,0.20512783166189302,0.47618874640277875,0.019539041027515764,0.03406058502894655,0.019161246761908248,0.046360229509298675,0.07950929717607588,0.08146301283111938,0.010370634140219928,0.028219375460243917
adj_13,0.2103612989982388,0.22394371032764065,0.000934614237484341,0.038447014291446514,0.02075351588342595,0.09998742505563875,0.0009345835171545684,0.11870511987128286,0.0009345794407259101,0.2849981383769616
adj_14,0.19865612112870815,0.45658430436111813,0.04665232146224018,0.04117451201848814,0.020329390144909143,0.03659570572415633,0.08322210472290778,0.08758878524591965,0.0008928719810679202,0.02830388321048467
adj_15,0.2776036440312334,0.18374817665762894,0.057719367206225974,0.09253142320846684,0.000925925928924402,0.08424842546054619,0.0009260833631625734,0.10552525501860241,0.12648589970414326,0.07028579942106607
adj_16,0.17190255516353037,0.20647153743094612,0.010677393361093506,0.0705936805416282,0.0009708737886537314,0.023076876807077203,0.03990842724211122,0.15008439046629768,0.010681265083863243,0.31563300011479867
adj_17,0.3844451319496511,0.23997646338031986,0.030852320533303827,0.0940862412256409,0.0009804065333767476,0.027171428963910064,0.06565339257341539,0.07791983336084014,0.07793438812606462,0.0009803933534774823
adj_18,0.4531428057523644,0.25033519990438935,0.0009708815508069994,0.024407301545666744,0.02080695949250379,0.02038822628576359,0.13802643343971432,0.07017216802975877,0.000970877246654675,0.020779146752377343
adj_19,0.14900891784160775,0.2140924523795042,0.010574700877489572,0.049455201983940475,0.0009615478932575813,0.03388377743638656,0.029877017865599053,0.198042637316653,0.010588415029448798,0.303515331376113
adj_20,0.16490809076560903,0.22913413895157628,0.010183009912966154,0.03652492089430979,0.0009259259275798867,0.06216680377397815,0.04732915129757294,0.14719681779556343,0.010187566610807676,0.29144357407003674
adj_21,0.33949816245209385,0.2085642293617261,0.14845847471550108,0.1009239999057827,0.011593752518028253,0.08031380622139724,0.0010526743864222778,0.06520512910948274,0.022104400950237083,0.02228537037932867
adj_22,0.2032659110688682,0.48483069175300236,0.041779491789657064,0.027675151341442227,0.010984731668944262,0.012877136468014201,0.1127710810277143,0.08464146173769206,0.0009615510209727266,0.020212792123692612
adj_23,0.3418571294402325,0.1915206998190224,0.14391412483608412,0.11636106178048362,0.01123886701370557,0.07715649028225412,0.0010204697036175648,0.07400429849215612,0.030935660480218105,0.011991198152225945
adj_24,0.38049093499780035,0.2078409854390517,0.1496057650116251,0.07954468040670415,0.011592854043958989,0.0589219962582983,0.012846976647228912,0.05474998429976047,0.02210446005565891,0.022301362839913012
adj_25,0.15995142125825945,0.2055097947480636,0.010473981002670218,0.05913359800566671,0.0009523809545987115,0.039468011233856626,0.039645611842314105,0.17402701702883885,0.010477324284149903,0.3003608596415819
adj_26,0.23360649390726523,0.48398763745608914,0.04726394257471456,0.026374219128702903,0.009848072085002149,0.012954465242323007,0.07003916256047286,0.09626549165556574,0.0008928749712464382,0.018767640418618066
adj_27,0.06182903109611371,0.46418808854465166,0.046187897515165895,0.06820767161575,0.03195873038310727,0.03878899794206272,0.001030973457287941,0.18107999385271645,0.0010309279676760808,0.10569768762546836
adj_28,0.04333501807642497,0.4580199170076122,0.04275704154665688,0.0582424905694901,0.042268039100001084,0.08643848405995284,0.0010309713517597182,0.15054600516317762,0.0010309279943610534,0.11633110513056356
adj_29,0.06978478446488869,0.4670781436649332,0.041719246196339654,0.05733091644678596,0.0313130942093872,0.0369280332111403,0.0010101437557402538,0.1925459377657612,0.0010101011306448858,0.10127959915437847
adj_30,0.05869019535151123,0.454444112626689,0.030885365599934735,0.055125120270858315,0.030693029324711144,0.057154688479525685,0.0009901561821011155,0.19968579559531657,0.0009900991241678064,0.11134143744518438
adj_31,0.04243156847865839,0.42601968732787154,0.039918898867033564,0.07451710499771436,0.020792005562958064,0.05878063575041006,0.01192907866124989,0.20521979082032013,0.010892368607903801,0.10949886092588029
adj_32,0.045616471862915633,0.41586542016358324,0.05068103092580488,0.045480917568146775,0.011224294610952253,0.0718815168234409,0.023261281099404826,0.20108053958433564,0.0010204082806171946,0.13388811908079862
adj_33,0.3592248514581344,0.22338431551179705,0.03463933784115541,0.07136505817088644,0.0009345966411752041,0.0235565499258776,0.06913576053818016,0.10483262520692943,0.09322689800112313,0.019700006704741046
adj_34,0.32172759043657123,0.17673265028009066,0.021149309259486628,0.10975484038530985,0.0009900990128101047,0.07029514354642465,0.0009903005904205373,0.14258175813933527,0.11341116756478495,0.042367140784766104
adj_35,0.08554941032016103,0.4858017269969652,0.04260308922880973,0.059237435985225254,0.011340015581586078,0.0255503704765894,0.001030971396506701,0.18217567018614741,0.0010309279676135096,0.10568038186039569
adj_36,0.2298050176507794,0.4702590726072227,0.035495216148903504,0.017699921267456228,0.018988408041331097,0.027916258123479507,0.053150091745597754,0.09921357333261965,0.010483934734482515,0.0369885063481277
adj_37,0.04536677834424037,0.4244640133433326,0.06383509931682825,0.05273116968780705,0.022580558587143498,0.06464322336289732,0.025961439068242463,0.16820175445470753,0.0010752689707285627,0.1311406948640724
adj_38,0.13418917736766842,0.23386840102692166,0.024889928416169875,0.053661081694148204,0.0009434003747410797,0.03763302282282816,0.04822202240318738,0.17726497556514223,0.0009433963365838387,0.28838459399260924
adj_39,0.17345308473962165,0.2069567202175146,0.010182965071197342,0.07277836089497951,0.000925930449994489,0.0422983621116436,0.0194847593020729,0.180694683886116,0.0009259303248825312,0.29229920300197737
adj_40,0.2122386058496691,0.47881473829461624,0.037773894467469614,0.03008581591194101,0.00993746531377974,0.03185431284843792,0.061396882993126914,0.09791477135513678,0.0009009218099845308,0.03908259115583819
adj_41,0.22985958274420915,0.4540013649519066,0.010184052481850036,0.033458849940457704,0.00984977605151581,0.058967285039591644,0.07786920134054898,0.10614818289884079,0.0008928730615797066,0.018768831489499614
adj_42,0.38805087413492345,0.1965268797283372,0.020844881845645733,0.06372687774214124,0.0009804130194001563,0.025333223059286234,0.11848682906869297,0.07857604273587117,0.08679255786757212,0.02068142079812978
adj_43,0.23575226079793002,0.4417749701143826,0.037182634403568914,0.028040439985784982,0.010487381252081545,0.06187204271941904,0.06435466590885347,0.08332495347813565,0.0008849876668455222,0.03632566367299832
adj_44,0.39677419699827526,0.21199499286683773,0.009957494155357436,0.03246333920114441,0.02828517251240847,0.03701368208516782,0.1387367965405059,0.07436738204072814,0.009972599094036659,0.06043434450553821
adj_45,0.046514765426920596,0.4472189968084141,0.05251424422435159,0.07261147453050036,0.03297870106459948,0.07240282712240301,0.0010638672603365074,0.1665222736620223,0.001063829939888038,0.10710901996056414
adj_46,0.45386902427713405,0.21730358505450798,0.0009090931992430367,0.03677152321652131,0.022834436208960168,0.011502957076317342,0.14910468526635984,0.0751645297238276,0.0009090937039139421,0.03163107227321483
adj_47,0.038829890351454226,0.46764941750052247,0.043887769228183014,0.06943436165386854,0.011110913945560618,0.024690058578132147,0.023248321320840176,0.17818379618286026,0.011113632865993825,0.13185183837258463
adj_48,0.189347198161478,0.4895871598890211,0.028970701388479417,0.03827980863515941,0.01002762985277875,0.07766113016713791,0.06493974596168753,0.07206649588746461,0.0009091109606686557,0.028211019096124675
adj_49,0.2097515904188932,0.49069839512343627,0.028094800891926428,0.025720109663285064,0.021162495074480266,0.02742519346619074,0.08691796389821044,0.08027783948338468,0.0008849702404660861,0.029066641739726812
adj_50,0.19972197794206656,0.22499698671702337,0.0009901165244447145,0.040716994761893804,0.040891311296915894,0.07548502743885467,0.0009901074260465583,0.1459460781644091,0.0009900990113420253,0.2692713007170032
adj_51,0.19103563261959136,0.19490545383108285,0.01105749993364456,0.039918476755241614,0.020387194718454266,0.08832952487585966,0.0009708780799931695,0.15928052739970108,0.01067925118550991,0.28343556060092145
adj_52,0.05063985022097195,0.4591736799072466,0.03301675577702859,0.07849110601482227,0.011224285352174792,0.037839947232470694,0.012582616113931116,0.22196021530843738,0.0010204082725355284,0.09405113580038119
adj_53,0.19174168326205857,0.2006771727035487,0.000952402737924854,0.02010135562993778,0.02460923533370785,0.08263836347284909,0.010785132296438993,0.16105084046583965,0.000952415144087926,0.3064913989536065
adj_54,0.042651266179374016,0.44037408632449637,0.07019700113356157,0.08240275122552437,0.022402418013838344,0.024725063874418085,0.012421662616163577,0.19075206672312234,0.001020408519207766,0.11305327539029343
adj_55,0.14185857199005722,0.22664888183970605,0.010677398801499363,0.061052445765898126,0.0009708783237015217,0.012147690329526123,0.04963329868670918,0.17042430311884274,0.010694505904288306,0.3158920252397714
adj_56,0.3953892237014211,0.19614130466459598,0.019152399241497205,0.07596393052052619,0.0009009149027547214,0.0355013148759472,0.07000958251588132,0.0990946322596526,0.10694579456100425,0.0009009027567194136
adj_57,0.42795670668446895,0.22406048305474538,0.0009345816523563705,0.023146719242098317,0.03000339593713544,0.019730824725406694,0.15182724541656475,0.08556264832024026,0.0009345879622090677,0.035842807004774914
adj_58,0.12899514050496924,0.2322403176137394,0.010473965318832141,0.04415753034486597,0.0009523809543298178,0.026664575420082038,0.04868297733509524,0.1965959625536602,0.0009523810522351491,0.31028476890219076
adj_59,0.4515207229775089,0.2062236664611324,0.020596254053090852,0.08953381878931355,0.016176414908704223,0.025928166260925374,0.04001496364073744,0.07421612909668543,0.07485528289511606,0.0009345809167857236
adj_60,0.17520344926739864,0.22900471520790508,0.01980962892012665,0.05837993543793357,0.0009433962282599315,0.03275714248309182,0.029308266588198493,0.16641005299281558,0.010381114454837173,0.2778022984194332
adj_61,0.17439676932527856,0.2378697348791604,0.01027824684682541,0.05240947195975068,0.00093458343837159,0.036271801450002916,0.03908992097631287,0.16332166981634866,0.010294726703585368,0.2751330746043636
adj_62,0.4800798642914042,0.19859214424972166,0.08540862770701459,0.019265691809059585,0.0009176778764733343,0.019741423906214993,0.057073412761120594,0.1278895045166739,0.0009174322611150678,0.010114220621202093
adj_63,0.46727104291885596,0.21700917949187645,0.028899450868994345,0.01210222406678257,0.01988647988812987,0.019463149064269464,0.14654027041532627,0.07654954925716856,0.0009259288794769996,0.011352725149119603
adj_64,0.4053729786571252,0.18284135939034443,0.14541305624272882,0.10041293737031003,0.032014972985539736,0.056716666755466875,0.0010309697945864425,0.043141989521137354,0.021648604004378815,0.011406465278382277
adj_65,0.3166565480651715,0.17057288058139536,0.02901371150207464,0.09243168835485557,0.0009174311953399018,0.11100820790503961,0.000917576365776005,0.10524012279067642,0.13443714016709668,0.03880469307257426
adj_66,0.03131618422402077,0.47508044324852367,0.030895249291166712,0.08599174001482997,0.010890897020029636,0.047643941440442344,0.000990158008739971,0.19502434779362904,0.02079724047449352,0.10136979848412457
adj_67,0.4359232351836477,0.18886626213822066,0.019867146428312277,0.06134159641539307,0.0009345975376416635,0.036036765444710885,0.050285536539028126,0.0836679488418397,0.09396278902076646,0.029114122450439397
adj_68,0.5161175747239098,0.2220536678344879,0.07195724888859337,0.00990952834417233,0.0009009009026534312,0.029681858844661832,0.04695348532443271,0.10062393146919675,0.0009009018581288695,0.0009009018097628305
adj_69,0.08061768408919369,0.44595021268450885,0.04112717752447988,0.04468247059888262,0.03163260779863675,0.07095415296746974,0.012244854502681075,0.15956864457913386,0.001020408310958848,0.11220178694405479
adj_70,0.33030635067096226,0.17670176495950152,0.012157902194574884,0.0010310693618725787,0.011861468787419747,0.001030959215958079,0.3791472519329562,0.05292843938059879,0.023051308356275908,0.011783485139879946
adj_71,0.20164104201669403,0.16740976839559862,0.010677399401446195,0.05889029437590458,0.0009708737886501657,0.01305699867041445,0.04025819315077762,0.19160689472765463,0.010691806583249122,0.3047967288896107
adj_72,0.205907910703411,0.441192249666379,0.02989926673265328,0.035141457601288485,0.01952299676557261,0.0733172685342071,0.06681797114020695,0.08925380877824962,0.0009259461293264007,0.03802112394870554
adj_73,0.16579183158114538,0.2049143234243527,0.011108916962702909,0.04541258815531171,0.00101010645977811,0.014161372153575108,0.061788962577439044,0.18731241389212142,0.0010101011280869562,0.3074893836654866
adj_74,0.18183380439149074,0.4493588861179002,0.01878316473954826,0.023820435985305567,0.009677082711435652,0.11292558070631299,0.06091028678394326,0.10534891067502464,0.010111756592082112,0.027230091296956683
adj_75,0.442324985888483,0.2274863315681666,0.0008771948798080225,0.03123966964619929,0.01842043334538979,0.019199274386670573,0.15614490241992646,0.06332305420967865,0.0008771962837109136,0.040106957371966595
adj_76,0.05849753060840798,0.5056462953439307,0.030142829453036302,0.06560192351100201,0.021212025682188634,0.04379557539271481,0.012530563002670069,0.16817530129246758,0.001010101150406504,0.09338785456317558
adj_77,0.062313620962688956,0.4320630794299182,0.05240969959855841,0.06092056134186755,0.02210518811050518,0.026318830099032818,0.0239899104938883,0.1895712286166097,0.001052648116300948,0.12925523323063
adj_78,0.3974758134650284,0.1872944190045843,0.04006380394217775,0.09461196172304047,0.0009615532464144885,0.012651337913342116,0.043165355928797264,0.09737069678926885,0.12544351254838937,0.000961545438957017
adj_79,0.40858345461268564,0.20935985567630375,0.02004226103206673,0.08094937018795664,0.0009259408827710004,0.023951458482681633,0.05168804280877395,0.08348477870257547,0.09162597171571178,0.029388865898473455
adj_80,0.42479486842738545,0.20474332033688308,0.020850648683596196,0.07225126692337701,0.0009804708502295905,0.03954053055262861,0.0668602055492373,0.08749825240433147,0.07166615636249377,0.010814279909837556
adj_81,0.057469590695085095,0.42831765080824136,0.039255245260988225,0.07224656858684236,0.024371959183387325,0.061462430100883196,0.012881792274801154,0.20686990002331349,0.0010416677709560941,0.09608319529550179
adj_82,0.18249385435266832,0.19604950123540182,0.0010309461949416833,0.02170276963832335,0.02164826116902226,0.10032090371557864,0.01153300044236069,0.17351393883196756,0.0010309295225977748,0.2906758948971379
adj_83,0.40250481763159024,0.23127524103104732,0.0009009057478650712,0.02199383601936935,0.019284329887758155,0.027984811820725212,0.16816552177926455,0.09232064683633796,0.000901011302315463,0.034668877943726806
adj_84,0.1842807130367962,0.46697758793909283,0.036887390306522196,0.015044068926798876,0.009508720294310281,0.09226849329429118,0.05556255820989354,0.0940995824154289,0.009978599559714163,0.03539228601715187
adj_85,0.16115105945862782,0.1825608223036954,0.019996211587575374,0.07569469878357679,0.0009523863987224956,0.03593810589652348,0.046459995667943295,0.17649589638189447,0.0009523810642230543,0.2997984424572178
adj_86,0.37565860844355803,0.19083512680410344,0.16265531333058048,0.08760329494960654,0.031368662697658166,0.0560215437226993,0.0010101438672075805,0.06245625379868198,0.021211257290517403,0.011179795095387107
adj_87,0.4446720705123037,0.2307002362747012,0.0009259659416870421,0.023413907303092927,0.01961207689058789,0.02875951710506132,0.12486336763176466,0.10441356590140781,0.0009259294119811531,0.02171336302741244
adj_88,0.03553220202389165,0.45707744708573456,0.04158454509278297,0.05884275776487975,0.02164938277992466,0.048401103168256986,0.012369299727185859,0.20757027021246122,0.001030928061117231,0.11594206408376505
adj_89,0.034713895047748605,0.41905483385947934,0.05106772592243558,0.0725000815375145,0.0221051471562196,0.062221049354762935,0.013100070390473388,0.20765856619865103,0.0010527405513936084,0.11652588998132131
adj_90,0.10469243353950426,0.43355055175138024,0.04096325535679559,0.08757264256338822,0.025199915354024393,0.054397479148931345,0.0010101447609275709,0.15814232651114538,0.0010101011564645971,0.09346114985743838
adj_91,0.4498970179127868,0.22819697862258007,0.09992745671997735,0.02767843589756473,0.000892857144897903,0.019132795615228685,0.0553842294240658,0.09920064852466441,0.0008928571445384669,0.018796722993695822
adj_92,0.18947980251993224,0.5099732598119489,0.019318474874890485,0.05221388850300661,0.009759610226753814,0.06899859164032789,0.05149668399101806,0.0704079404027179,0.0008849801187834231,0.027466767910620464
adj_93,0.1657341943705487,0.18302127106890967,0.010876011176085035,0.048739331139170644,0.029522723058625522,0.06309293987357312,0.0009523840446176156,0.171539300212037,0.0009523809544904597,0.3255694641019422
adj_94,0.04377761687154426,0.4417957705774806,0.029875236766848594,0.05736887592732653,0.03099993763299996,0.03468135333351904,0.012399534388903507,0.2376595187779028,0.0010000000993118504,0.11044215562416278
adj_95,0.42362500006830844,0.22878028531649916,0.08001067831063145,0.020192190987004567,0.0009615384636173865,0.030677089990412815,0.050099214604694076,0.1444452336477401,0.0009615386008285307,0.020247230010263566
adj_96,0.18426154499376537,0.4810865184035001,0.04420331253045703,0.020355657858438635,0.010235837094520271,0.058742949939460214,0.05811584939725592,0.0902902336829023,0.0009009230896382679,0.05180717301006195
adj_97,0.10731900363114813,0.4310755552054178,0.053574102546772785,0.0809330407271606,0.032291647783558856,0.033153366723541355,0.001041701869751694,0.16318091278754115,0.0010416668158178886,0.09638900190928992
adj_98,0.13654596204690003,0.24154148637334297,0.010298198630112743,0.04712396555103001,0.0009093086629835068,0.03200007436996448,0.06438357590904298,0.18059434938024863,0.0009090910079677106,0.285693988068407
adj_99,0.1742538190337232,0.22083311970049063,0.014488829229562844,0.03824130280023144,0.000970873789247064,0.013298763691996198,0.036080747886581596,0.18468786462317516,0.020392693264920613,0.2967519859800712
adj_100,0.17636393008667892,0.21398533418248772,0.0009804099796496828,0.02064050897265207,0.020586978773407993,0.08498056856287836,0.0009803957837015973,0.1550313269850593,0.0009803921582150436,0.32547015451526934
adj_101,0.18212430190838655,0.46687755085669136,0.009607202099526377,0.03810255517674888,0.009347093246041757,0.0942513790248163,0.06779343967244836,0.08524325795800233,0.0008474741895161605,0.045805745867821906
adj_102,0.28648253357225795,0.19507139896398895,0.0190735095777916,0.09891284165074876,0.0008928571453035159,0.064708794604138,0.0008930253138787189,0.14749545113390522,0.11207548504260265,0.0743941029953848
adj_103,0.0611171364852153,0.44735531282138014,0.03183711296194687,0.05678961978495531,0.02142846241750436,0.0590508222905558,0.0010204671700921502,0.2159654153069708,0.001020408275761291,0.10441524248561808
adj_104,0.3971377790620724,0.1812955769880083,0.020694070708714856,0.1030527084405774,0.0009523942776195375,0.012305708576179906,0.07301459784595045,0.08698210741440997,0.0949316251356181,0.029633431550849028
adj_105,0.4403525320202944,0.22856246237011618,0.009866169056219096,0.011554531771046789,0.027678104254330236,0.018746463198448613,0.15128498194816695,0.07356334148800209,0.0008928597981142512,0.037498554095261455
adj_106,0.4300270779397254,0.21464864725146668,0.03141640092251394,0.0859632614527283,0.0009806809995871989,0.025667670348918956,0.05355569746802339,0.07872254537973544,0.06820020853443538,0.010817809702865423
adj_107,0.3814461145402656,0.20721743176276827,0.11444674661418297,0.08800610949300873,0.03201408158334082,0.0791929074832238,0.0010309993370550045,0.042830915535471144,0.030323464236593375,0.023491229414090382
adj_108,0.4146439508488027,0.22253193515284206,0.00986888617789474,0.0505303357659876,0.02210279655839875,0.03808814292324154,0.13425135578916778,0.06453836486985724,0.0008928601760541057,0.04255137173775344
adj_109,0.41863960790600074,0.19592650271928147,0.021269156770229725,0.0952658222251864,0.0009806867567283349,0.0370773495080271,0.0646281010393848,0.07745343902438152,0.07794362111450129,0.010815712936278745
adj_110,0.05509768817214224,0.44180791910910144,0.02915620340967013,0.06616167147020877,0.011340061412331594,0.061737586245567334,0.024912406640022085,0.19285432450818504,0.011336190366234546,0.10559594866653665
adj_111,0.06215450671801803,0.487744845198248,0.03993594563994672,0.045591904145952725,0.010890897281667537,0.036632307539418596,0.01187209100902755,0.20512300793696608,0.000990099119353937,0.09906439541140084
adj_112,0.046718315342369046,0.38548947355529745,0.04498638746769541,0.07842433575965102,0.030999994666878427,0.04764271333794036,0.04831669235507314,0.17402325143194874,0.0010000001301195952,0.14239883595302694
adj_113,0.19443790877119793,0.45675286768466317,0.03608955704413697,0.02753198506477222,0.009509246412366978,0.039869914158586206,0.07073816153857873,0.10152621880630276,0.009864205376137409,0.05367993514325777
adj_114,0.21543588845198489,0.4463302269476147,0.028622860431841823,0.033229985010623284,0.009677026150648313,0.04225634961927322,0.06511105192481904,0.1044552254493017,0.010078643275474395,0.044802742738418805
adj_115,0.06573233756081534,0.46300583737013984,0.03534753573090623,0.07613690543604143,0.03487870958721149,0.04873524517508077,0.0010000615118316888,0.16559855003100635,0.0010000009734825255,0.10856481662348431
adj_116,0.19743687547663613,0.4314521954353794,0.018762014578155493,0.05064315511315971,0.018173006185656735,0.06815465462656146,0.06705398408009683,0.09383979130878792,0.0190777302392733,0.03540659295629314
adj_117,0.4537079787568522,0.25366389913457593,0.07912106620938086,0.0386791602583753,0.0009433962281649937,0.0009434166685033404,0.07801258680504032,0.08358863917061908,0.0009433962278566047,0.010396460540631485
adj_118,0.1247897726771643,0.21262479361446432,0.00990766959937033,0.051702305250530704,0.0009009050661646119,0.05155818981658692,0.06411597430945774,0.15403533382158588,0.009911075206009775,0.3204539806386654
adj_119,0.20058046519755218,0.49454012613762816,0.019289848262433698,0.012885514985944717,0.018648372352466455,0.06068530056227536,0.07802025418995488,0.08664051371733697,0.010104241434785454,0.01860536315962211
adj_120,0.1907632681795673,0.4841878455915439,0.01874222164812545,0.016954439164514317,0.009675050501358744,0.04919942743266804,0.05274884195832961,0.12382735421827132,0.01019550248517331,0.04370604882044813
adj_121,0.04525765177689911,0.4130548571749809,0.03247707433836208,0.05697529434573217,0.03229166206708644,0.09515296507649552,0.001041727185659499,0.2055072581866453,0.0010419690251068417,0.11719954082303204
adj_122,0.37764850375714654,0.18249875541986005,0.03863297809214382,0.09786072582432247,0.0009091023934197827,0.033936385542286306,0.05854503128976359,0.08155460879172302,0.10007309415310929,0.028340814736225045
adj_123,0.43211393070066706,0.18361626382235235,0.04973100457369765,0.057817509518096354,0.0009615599512640313,0.02769974767976533,0.06514589896342948,0.1070265072595324,0.07492602898855137,0.000961548542643985
adj_124,0.055237290625617885,0.4795209230167375,0.050698198588975264,0.046488184121678634,0.021428462728469183,0.047746606865761064,0.012982058532607609,0.1803107763332414,0.0010204082929961514,0.10456709089391521
adj_125,0.34882288731614247,0.1816729224524243,0.14390925978525987,0.09757919277223125,0.04192036244120545,0.08861311045639393,0.0010204499655590087,0.06373694903174378,0.021427691283511525,0.01129717449552845
adj_126,0.05230716831145889,0.4590024191860303,0.031192927770205325,0.06646809012974655,0.04100007587919614,0.05876517977363267,0.0010000577467696053,0.1767461639931344,0.011002544907073121,0.10251537230275302
adj_127,0.4797521358102898,0.23115852639315942,0.06432966501549209,0.019625944594982646,0.0009345794413999645,0.020288339385835085,0.05842704530959431,0.11424818872402237,0.0009345805487460541,0.010300994776478275
adj_128,0.15691013226494294,0.21809096964294808,0.010183038826515087,0.07205680279871271,0.010185057887200196,0.024824022398414084,0.03805143365682437,0.17636456118134358,0.010179336105354752,0.28315464523774425
adj_129,0.195995231110458,0.4628480267924451,0.02797450243048069,0.022897301634528813,0.02058776635790794,0.07043204784029616,0.08009067282268267,0.1000221449859163,0.0008695804347685702,0.018282725590515865
adj_130,0.0539410910705706,0.44178940896878305,0.05213890050395975,0.057470673160085244,0.01134001379464649,0.061303603687902754,0.023462534144915382,0.18226696874343198,0.001030927966471739,0.11525587795923302
adj_131,0.15078727469527045,0.1990143040492039,0.013038916747959777,0.052657594652467686,0.000925925927962308,0.022165564834994895,0.04448204117222556,0.18639649200402283,0.010186006888425742,0.3203458790274669
adj_132,0.08975748385440789,0.446526328296657,0.0535226650265087,0.058193972686812694,0.01145815167496383,0.047382879032751624,0.001041701823136734,0.18440120496904688,0.011480075355021982,0.09623553728069284
adj_133,0.06679862043410788,0.4645213124171928,0.042593402908879606,0.08052859469391085,0.021649389655228186,0.03396441937812097,0.0010309715008764192,0.18222970622709314,0.001030927967495357,0.10565265481709474
adj_134,0.2018885318230869,0.45410095760434543,0.02135594995454974,0.01430630683988907,0.009592262567698368,0.07389918348861454,0.08284394569272106,0.09673182253913819,0.0008695793412145362,0.04441146014874215
adj_135,0.37338052912110525,0.19736032438269707,0.1310465692335875,0.08658061981867023,0.041074386030998035,0.05544869406337959,0.0010000467960838545,0.06181587639074979,0.02099910264562437,0.0312938515171044
adj_136,0.19002814143095942,0.47355515252271135,0.00998267260580514,0.033796285445230174,0.009848902146817579,0.0781748460413861,0.06709410530113456,0.09770241025855937,0.0008928757931934994,0.03892460845420283
adj_137,0.07001409163560256,0.4238371872447482,0.028708194007254533,0.05377319251310456,0.039422849615050375,0.04632808093151433,0.011922780338161153,0.21879043244220098,0.0009618759562997209,0.10624131531606353
adj_138,0.28755679036712484,0.20841133340124957,0.01255553898704283,0.0010639761203005583,0.012339674796302408,0.0010638667698367808,0.38732073927319327,0.06540844940501184,0.012043666596885562,0.012235964283052354
adj_139,0.31420493525828574,0.19452068043169338,0.0121142189747339,0.001000130956913858,0.011588405633506226,0.0010001959856255611,0.3909424132837626,0.04127339930911019,0.011312659190996839,0.022042960975371752
adj_140,0.4320620648823871,0.22316251368824813,0.019370895376709444,0.0115889421462004,0.019960574057353582,0.010084044586439207,0.18426198000195368,0.06628205688427531,0.0009174334849016262,0.032309494891531544
adj_141,0.43005848570441696,0.2178737280763861,0.0009346098979506485,0.022902484145553473,0.02062603010221126,0.010309430716777014,0.16729097071717328,0.10509304042427992,0.010337187509157995,0.014574032706093205
adj_142,0.4465889942011773,0.2034893674870759,0.015638824929739493,0.022766875256828724,0.01962558642888014,0.019654119890682963,0.1769207135290812,0.0724272080209291,0.0009345829243626761,0.02195372733124248
adj_143,0.2722003231284029,0.16487577411767962,0.02924613844085493,0.10198342867727184,0.01018423638989014,0.09351710206280242,0.013751039296437341,0.12350303705096154,0.15223651867151503,0.038502402164184275
adj_144,0.2979336000034022,0.1921293680118821,0.020463096886414758,0.11467672973799443,0.0009523809553764363,0.10571391265397995,0.0009525325732134156,0.09610296477355111,0.14087697965264964,0.030198434751536097
adj_145,0.3077696772169467,0.18644745164902152,0.030342848733195746,0.1107412232132686,0.0009615384647449078,0.09711354787056109,0.0009617445657529786,0.08947174132461651,0.10700640992748699,0.06918381703440497
adj_146,0.5106284078590968,0.220318634095738,0.08905457427465982,0.020388118182773002,0.0009708737883027868,0.030893583104868977,0.040590353641463225,0.07548156585616891,0.0009708737879684681,0.010703015408960233
adj_147,0.45573904417523403,0.22799818251435341,0.000926179672840337,0.022588493470518854,0.01986140727360009,0.019477663273774093,0.17276557592103958,0.05765808465539094,0.0009259284189661404,0.022059440624282636
adj_148,0.4512643214424835,0.25920878724981483,0.08479729700284054,0.010999631832244498,0.0010000000022229961,0.02218026924506368,0.041856823257362556,0.11667183018623574,0.0010000000018316583,0.01102103977989997
adj_149,0.43585643531642804,0.2470252854411828,0.11952381628915658,0.010576565377300172,0.0009615384637050705,0.010729184932486703,0.0595777145860494,0.10419058347549934,0.0009615384633236789,0.010597337654868278
adj_150,0.4876411640343473,0.22496232060472107,0.08585220124476105,0.01057654494590558,0.0009615384633430632,0.0009615836454054524,0.050033353574738704,0.13708821438579868,0.000961539616702758,0.0009615394842762111
adj_151,0.41503793907261244,0.19632845778674082,0.019421016772632214,0.051466752789337114,0.019319152067137923,0.028232954894427117,0.16994809908103148,0.07506548121447881,0.0009091061965808084,0.02427104012502141
adj_152,0.422750550763475,0.2409541598875451,0.026594596688104252,0.033374527611240795,0.019810864822683613,0.019836216799849673,0.14636090017781359,0.0778464200831704,0.0009439239310727616,0.011527839235044697
adj_153,0.2205754129637131,0.44397135403056764,0.049137186150462406,0.02156278118600649,0.01916626775970931,0.033116479071612234,0.10269905932498584,0.07841464843823505,0.0009091032589564103,0.030447707815751388
adj_154,0.22231185225082398,0.46960869724681387,0.029862794015865394,0.013249973225161044,0.010214830968807402,0.04404760413338014,0.08860511992927245,0.08315554863752865,0.0009259408945248073,0.0380176386978224
adj_155,0.21483196298493717,0.44071704465283495,0.011063355463392004,0.015004007430265934,0.02754958429478201,0.08661044910286071,0.06793265323620813,0.08930550717151416,0.0008849738259536145,0.04610046183725139
adj_156,0.20763362856752726,0.48198156986375096,0.020469487900357075,0.02457760850550292,0.010506929065733028,0.03608737864546249,0.08187677856440163,0.08620028212723806,0.000952398193188991,0.04971393856683754
adj_157,0.275752861079173,0.20113171583189088,0.025327231205380215,0.0010639509774042779,0.012332112514659972,0.0010641291169323627,0.3929111420556856,0.05469992288082571,0.012048899404484762,0.023668034933563346
adj_158,0.2698218858043373,0.21813773769327577,0.04966031933188212,0.0010989668515532973,0.01281273016460279,0.0010989428183492158,0.3656971067455016,0.056527925441590354,0.012451788330967146,0.012692596817940325
adj_159,0.2974894265239562,0.17989435878636556,0.020375850743411843,0.09616236545215585,0.000952380955639769,0.10571396182726103,0.0009525587415399997,0.10770769718115744,0.12023535003994272,0.07051604974856959
adj_160,0.17653482388768174,0.1947739849703993,0.0010101201343356155,0.021274015261213218,0.041413207864953255,0.11892053407315206,0.0010101975589817216,0.13938471429754845,0.010753338546387367,0.2949250634053473
adj_161,0.20979079378026924,0.17733518974065515,0.0009901151092476174,0.04071459199717374,0.03069194833556815,0.12278081782096813,0.0009901025995569085,0.15660081881580884,0.0009900990113614876,0.2591155227893907
adj_162,0.17941598796660252,0.19596998865724577,0.0009708897793587588,0.030173073095585538,0.02038714850395323,0.13396725487433364,0.01075029275780233,0.17321365672128042,0.010681797842868877,0.24446990980096894
adj_163,0.20094326276298352,0.4601654732726751,0.037301670716309125,0.016340161282459176,0.00993863950811323,0.0696217390574456,0.05820180317171583,0.09957664957525893,0.010920921766846581,0.03698967888619284
adj_164,0.3361863497207286,0.206225905147953,0.156085888248529,0.11118239809799092,0.03235267345989485,0.057001768282280145,0.024207972217675316,0.04335236174131992,0.02187423787211425,0.011530445211513987
adj_165,0.34246450244055393,0.1926424960379298,0.18298806243950064,0.12230375989214569,0.01251802794316824,0.06216038272362802,0.0011364054120338357,0.0473460247423123,0.02386282929025516,0.012577509078472318
adj_166,0.376163754160826,0.1853415441097624,0.16598558372812144,0.09700021486992232,0.0231181571890674,0.03714434488614907,0.0010989464119697196,0.04570475631689953,0.03406508030796912,0.03437761801931289
adj_167,0.19271804312580545,0.1741903768155686,0.0009524896324027445,0.06679081323131333,0.04485673974117455,0.08298156147438229,0.0117253194313963,0.15523311846698057,0.0009528598018180086,0.26959867827915823
adj_168,0.1736574999296243,0.20010125958364003,0.0010416947245894502,0.032388835716559934,0.032290174211631516,0.090632443189285,0.0010416749760494212,0.15320799290388257,0.001041666668150184,0.31459675809658755
adj_169,0.18420841935136087,0.19481774639278152,0.0010101200839612557,0.05168821025767935,0.021210900681389182,0.08931246104955996,0.011384178226546854,0.14047796521430683,0.0010101400428849513,0.3048798586995292
adj_170,0.17244876033400428,0.1994901725315398,0.0010417769088754577,0.042840998269462256,0.03229060327442919,0.12265364718468111,0.0010416707967555207,0.1543567199459369,0.0010416666687610115,0.27279398408555455
adj_171,0.17861383700706196,0.1855223807310889,0.01419972894019677,0.057980940946721904,0.041835792091603916,0.0993492666058554,0.0010204118299148072,0.16342232249020325,0.0010204081654861647,0.25703491119186694
adj_172,0.2805354132451677,0.17066276703007555,0.023567797956986106,0.0010753506526520865,0.01249567985370477,0.00107530721042248,0.4415488580499815,0.04444001907322736,0.012205629043393828,0.012393177884388694
adj_173,0.2656590358620482,0.184432758714021,0.03799815254265171,0.0011236650072709781,0.013245296746611613,0.0011236399775864142,0.42410856477849784,0.0464746324349104,0.012827518579640299,0.01300673535676171
adj_174,0.44914036915330985,0.24211909983057156,0.0009803947336676014,0.024576631195863535,0.021490685793730563,0.02062650387196741,0.1429489835281424,0.07088669009534986,0.0009803955604520264,0.02625024623694531
adj_175,0.3100922736935131,0.15530213523190795,0.02993944379163063,0.11982560661051155,0.0009433962290584766,0.09528119535286247,0.0009435321001181806,0.10560600536184116,0.15244406922187495,0.029622342406681573
adj_176,0.28512076796476826,0.18308121197743402,0.030664108193058388,0.10737096485470832,0.0009708737893101598,0.09805658140562619,0.0009710319280148496,0.12971698850476282,0.14242149134296173,0.021625980039355182
