,Topic1,Topic2,Topic3,Topic4,Topic5,Topic6,Topic7,Topic8,Topic9,Topic10
sample_0,0.02500000002498774,0.025000000021616682,0.02500000001637232,0.27499926711538136,0.2750007704809911,0.02500000004603763,0.2749999621687775,0.025000000038803743,0.025000000033284096,0.02500000005374784
sample_2,0.016666666674758978,0.016666667183254574,0.01668271609549811,0.01666666667968208,0.8499754884486236,0.016668243951774173,0.01666666667375271,0.01666668016096991,0.01667353744762385,0.016666666684062102
sample_3,0.0035714304456293156,0.003571428583679988,0.9321338226095836,0.0035714877106939515,0.003573837762515576,0.003571835492675973,0.0035716601586177074,0.03929146865474219,0.0035716000044116398,0.0035714285774502063
sample_5,0.006666666670547107,0.0066666666700244265,0.14842135415116953,0.664911539456518,0.07333307977525924,0.006666715701889187,0.006667096999225108,0.07333310104040651,0.006667112859950515,0.006666666675010345
sample_6,0.05000000000273054,0.05000000000133048,0.05000764248144373,0.05000150300135455,0.050006670075171844,0.050000000002819775,0.05000616594495299,0.05000000000236853,0.5499780184845393,0.050000000003288185
sample_7,0.025000000009766,0.025000000008634192,0.2749925725694655,0.27500027595101584,0.02500000001580976,0.27499836701242564,0.025007021492922173,0.025000000015108527,0.0250000000130344,0.02500176291181801
sample_8,0.524999560451216,0.025000000015886866,0.025000000012053093,0.025000000029526456,0.2750004393489539,0.025000000033858175,0.025000000016083386,0.025000000028423418,0.025000000024476388,0.025000000039522366
sample_10,0.020000000008260414,0.02000000000714136,0.5756884635253209,0.26430149446426116,0.020010041895605964,0.020000000015224683,0.020000000007227278,0.02000000001277991,0.0200000000464302,0.02000000001774828
sample_11,0.0034482764974018364,0.07241338982940096,0.003448510654768772,0.04202601141657427,0.04510649425919026,0.0034483049442094304,0.0907730915207471,0.23804432449078622,0.49784330205179916,0.003448294335121893
sample_12,0.020000000018621737,0.619963537105825,0.020000000012222133,0.02000176021113522,0.020005985920525417,0.02000000003432876,0.020001248654730526,0.02000000002880177,0.22002746797373718,0.020000000040072248
sample_13,0.5499940590706106,0.05000000002941166,0.050000000022320704,0.05000594055957407,0.050000000054854526,0.050000000062628586,0.05000000002975025,0.05000000005256418,0.05000000004527589,0.05000000007300952
sample_14,0.05000000000517227,0.050000000004471724,0.05000000000339009,0.5499999999385525,0.05000000000834375,0.05000000000953233,0.05000000000452912,0.05000000000799936,0.05000000000688632,0.05000000001112258
sample_15,0.025001635663494573,0.025000000023975434,0.27499873668175406,0.27499765180343383,0.02500249694987104,0.025000000051057524,0.02500000002424725,0.025000000042864786,0.025000000036927896,0.2749994787223734
sample_16,0.02000000001061537,0.02000030104698965,0.8199972817438744,0.02000063408070938,0.020000000017119587,0.020000000019540227,0.020001783027813785,0.020000000016408816,0.020000000014123123,0.02000000002280555
sample_17,0.012500000004002835,0.012500000003464158,0.8874946362209596,0.012500000006546861,0.012500000006465178,0.012500000007374869,0.012504976501436919,0.012500000006276187,0.012500387234869823,0.012500000008603733
sample_18,0.005000041099410342,0.005000000001580468,0.005000574618061666,0.005000127364163775,0.0050002537567272465,0.6921301101522987,0.2678673755361328,0.005000000002826492,0.005001517464868296,0.005000000003930275
sample_19,0.01111111111589036,0.011111111115792997,0.011111575897864566,0.01111145388286803,0.12222212382035245,0.3645987195887545,0.4353999817470452,0.011111111118504805,0.01111170059154021,0.011111111121386947
sample_20,0.003030346432950696,0.003030303031799923,0.0030304872370158836,0.0030303030330829177,0.003031396328032092,0.003030531948997854,0.9727249872536863,0.003030867064369889,0.003030474627277302,0.0030303030427872545
sample_21,0.4683263269940013,0.010000068390768415,0.24978353165454867,0.010000455163740436,0.010000647320660921,0.010000000017945508,0.211881515913999,0.010000938222121392,0.010005848076779398,0.010000668245434828
sample_22,0.01667907774235584,0.01666666667390908,0.3883371657443067,0.01666782441980727,0.016666666680180704,0.016666666682094836,0.4783151101075926,0.01666748858725388,0.016666666677819946,0.016666666684678994
sample_23,0.020000000003367043,0.020000000002911394,0.8199975037705961,0.02000074354221479,0.02000000000543617,0.02000000000619975,0.02000085822954065,0.02000000000520551,0.02000089442729108,0.020000000007237447
sample_24,0.00625000000807446,0.06874889146120554,0.006250139626488978,0.006250000012986076,0.08450678238609292,0.006250305373463138,0.5353102848035884,0.27393359629998343,0.006250000010763416,0.006250000017353719
sample_25,0.03333333335573853,0.033333333352717466,0.6999649719571289,0.033333333369367,0.03333333336952045,0.03336836112967119,0.03333333335296252,0.033333333368201754,0.03333333336319738,0.03333333338149492
sample_26,0.01428571429126347,0.15714285384272056,0.014287779522994207,0.014285714294594187,0.44285103436149903,0.01428571429589873,0.014289045048678756,0.014286973359123158,0.2999994566856401,0.014285714297587777
sample_27,0.05000000000273054,0.05000000000133048,0.05000764248144373,0.05000150300135455,0.050006670075171844,0.050000000002819775,0.05000616594495299,0.05000000000236853,0.5499780184845393,0.050000000003288185
sample_28,0.025004737755249137,0.025000000016780977,0.025000000012705734,0.025000000031160426,0.2750005258122792,0.02500000003576388,0.025001223261859357,0.5249935130066845,0.025000000025816288,0.025000000041700353
sample_29,0.0020408297972416096,0.02262960562814205,0.5143154156602405,0.04527503932741105,0.36323418595478574,0.0020408594919995434,0.002040859911761311,0.0020408163282127135,0.00204108201782644,0.04434130588237902
sample_30,0.05000000001086818,0.05000000000202294,0.05000577364239842,0.050000000003761896,0.549994226159181,0.0500000000043046,0.050000000165713036,0.0500000000036134,0.05000000000311213,0.05000000000502432
sample_31,0.008333885516297488,0.008333385389628165,0.33448135456684697,0.09884961544689734,0.09166680217325907,0.008333333344550381,0.008333333338653265,0.00833333334274293,0.4250016235347212,0.008333333346403
sample_32,0.011111111116651773,0.011111111112205635,0.626369415041734,0.011111951269812938,0.17362956915120406,0.011111111113440092,0.011111343359559413,0.1222201029095001,0.011113173812063688,0.01111111111382831
sample_33,0.009091471647142852,0.009090909098599134,0.9181767477366584,0.009094480122597203,0.009090909105215006,0.009090909107244494,0.009091055655099935,0.009091546608612056,0.009091061808857397,0.009090909109973582
sample_35,0.0031250267515995126,0.06574363195088458,0.0031252021195151978,0.0031250492193144216,0.00312557726429287,0.0031250028025801286,0.08129510219090216,0.00312500031756455,0.8310853455407449,0.0031250618426018183
sample_36,0.014285714291840886,0.014285714470396938,0.8714187286605105,0.014286273065292525,0.014287666257975846,0.014286433198677655,0.01428837285849352,0.014286180888180266,0.01428920200975215,0.014285714298879757
sample_37,0.03333333336707976,0.3666660567634088,0.033333333355487764,0.03333333338756915,0.033333333387970156,0.033333333396019876,0.033333333362983504,0.03333333338552329,0.36666727618804035,0.03333333340591732
sample_38,0.11109446389889482,0.010000000006821452,0.18229744044415236,0.536605754753012,0.01000000001272565,0.010000000014524942,0.010000000006998348,0.10999967866406045,0.010002662181852364,0.01000000001695777
sample_39,0.033333333341743716,0.03333496599344032,0.03333333333884419,0.69999836724725,0.03333333334691193,0.03333333334882502,0.033333333340689324,0.033333333346348755,0.033333333344544275,0.0333333333514027
sample_40,0.27499420050876655,0.02500000001423243,0.025006282769000937,0.025000000026439935,0.02500000002653917,0.5249983553113449,0.025001161260978677,0.02500000002543044,0.02500000002191066,0.025000000035356237
sample_41,0.033333333346186066,0.03333333334444916,0.3666568660108006,0.03333333335399515,0.03334294400379321,0.03333333335700269,0.03333623218085766,0.033333333353225233,0.366663957688725,0.03333333336096519
sample_42,0.0032259051683828574,0.003225807646735654,0.45015282995586897,0.003227252045421646,0.00322643378644685,0.0032258064557674263,0.4106270877470803,0.003225828897533029,0.11663718842185294,0.0032258598749104685
sample_43,0.008333333338918258,0.008333333338094235,0.008335993335360774,0.16650576345393828,0.00833333334218516,0.008333694594058548,0.22673046754312778,0.00833333334179975,0.00833532712993831,0.5484254205825789
sample_44,0.05000000000134691,0.050000000001164405,0.05000000000088308,0.05000000000219097,0.5499999999839857,0.05000000000248006,0.05000000000117807,0.05000000000208351,0.05000000000179347,0.050000000002893744
sample_46,0.578590333219462,0.007142995163004448,0.19475238168609585,0.0876047566640511,0.09619127698983419,0.007143888102029559,0.007143777027574417,0.00714285715730026,0.007144876827706131,0.007142857162942021
sample_47,0.016666666674098562,0.01666666667309266,0.01666805100547445,0.016666666678617995,0.3367453563657048,0.19901802509132024,0.19658821023092776,0.016666666678158155,0.1676470239199584,0.01666666668264685
sample_48,0.014285715886531524,0.014285714288415541,0.014285714287746104,0.16358741099812424,0.01428571429071488,0.15714279759828814,0.014286085478029849,0.014285714290563453,0.5792694185890287,0.014285714292557575
sample_49,0.005555555561546535,0.29091961952925366,0.22291576938726765,0.005555808901295364,0.258695036325398,0.005555712904160387,0.1385779142051548,0.005555722965242162,0.005557722862007114,0.06111113735867439
sample_50,0.011111111121516182,0.011111111119305192,0.6448482301978807,0.01111111112634272,0.01111357521236133,0.011111433829797708,0.15514464461783087,0.12222243677315399,0.011115234870328205,0.011111111131483132
sample_53,0.025000000004341886,0.02500000023520905,0.025000977384775924,0.02500000000697958,0.025000977684891155,0.025000715937630386,0.025000000003800957,0.025000006130067372,0.7749973226029634,0.025000000009340384
sample_54,0.020000000007599987,0.020000000006579068,0.6199910611644968,0.21999966917344946,0.02000926958902783,0.02000000001398899,0.020000000006660485,0.02000000001175443,0.02000000001011942,0.020000000016323623
sample_55,0.13803026813989283,0.012500000006941127,0.4212261125647975,0.012500000012927085,0.01250208343639877,0.13737993632758924,0.2283545835502875,0.012503714583705697,0.012503301360220927,0.012500000017239167
sample_56,0.09130392769990735,0.0043478739955840635,0.004348159336929011,0.04822255032809161,0.00434790470966507,0.004348611237817325,0.7860344784584598,0.04835057247000544,0.004348095666284505,0.004347826097255918
sample_57,0.012500049700833986,0.3875002748581744,0.012501605792273548,0.012500000009287977,0.012500000009331937,0.0125000000106494,0.3555379422688436,0.012500073210129784,0.16946005412804302,0.012500000012432436
sample_58,0.016666666684091978,0.016666666681740536,0.01666817760238791,0.18333186939069643,0.01666666669477544,0.0166672801236801,0.01666666668260792,0.35000083685179983,0.1833313495503684,0.18333381973785157
sample_59,0.0500000000560801,0.050000000048484074,0.5499999992803164,0.05000000009018907,0.05000000009073835,0.05000000010327082,0.050000000049083934,0.05000000008668514,0.050000000074642455,0.050000000120509716
sample_60,0.05000000002458977,0.05000000002126549,0.050000000016105405,0.05000000003952213,0.050000000039671325,0.050000000045293314,0.5499999996899011,0.05000000003802725,0.050000000032752456,0.0500000000528718
sample_62,0.050005977836702305,0.050000000020137374,0.5499940218879215,0.0500000000374947,0.05000000003755389,0.05000000004284301,0.05000000002034864,0.05000000003600843,0.05000000003098993,0.05000000005000041
sample_63,0.0055562541398512045,0.005555573929729017,0.2743262462652752,0.005555614181106961,0.06344204610583902,0.005555555558969922,0.005556533402953048,0.6233410652987144,0.005555555558023444,0.005555555559537816
sample_64,0.18333306030233618,0.01666666668994248,0.3499950765628597,0.01666666670993972,0.01666666671011028,0.18333324217837546,0.016671726754966625,0.016666666708734183,0.1833335606582443,0.016666666724491155
sample_65,0.025000000020074895,0.025000000017380366,0.025000000013173155,0.27500064738939506,0.025010612463985678,0.025000000036995214,0.5249887399579725,0.025000000031065353,0.025000000026786373,0.02500000004317143
sample_66,0.0062500156967837854,0.006250061434256258,0.19720567939058642,0.0062503209758094655,0.7527937406907721,0.006250159966229224,0.006250000013166002,0.006250000003185842,0.006250021824793183,0.006250000004417736
sample_67,0.020000000008976768,0.02000000000776171,0.020009145859721376,0.020000000014428355,0.020000000014474658,0.02000000001653518,0.8199810888234504,0.020000000013879648,0.020009765221454506,0.020000000019317406
sample_68,0.05000000001513802,0.050000000013091704,0.050000000009923266,0.050000000024326176,0.050000000024436504,0.5499999998237263,0.05000000001324145,0.05000000002340082,0.05000000002015925,0.05000000003255654
sample_69,0.016666666672793533,0.016666666671971326,0.4856675525190718,0.01666738393567309,0.016666666676537704,0.016666666677937564,0.016666666672023246,0.38099839681934283,0.01666666667482244,0.016666666679826386
sample_70,0.01111111136477458,0.011111111123485623,0.011119167957574814,0.8999891627265924,0.011113710005924546,0.011111140135334086,0.011111111123635586,0.011111111133234897,0.01111126328756542,0.01111111114187798
sample_71,0.03333348637845363,0.03333333333802657,0.03333333333689001,0.033333333342055925,0.699999846895862,0.03333333334333132,0.03333333333808252,0.033333333341729346,0.03333333334056352,0.03333333334500499
sample_72,0.623398989677257,0.07180436156751842,0.009095080733582136,0.009090909106658392,0.009090909106695967,0.00909389880600042,0.24115078313029806,0.00909324965610499,0.009090909103944174,0.009090909111940292
sample_73,0.0066666706149005545,0.15744466901753842,0.7892180473506185,0.0066667880695770575,0.006667238881253183,0.006667689192582795,0.006668168305729621,0.006667092451681689,0.0066669694365778034,0.006666666679540144
sample_74,0.17220968879695306,0.014285812428710638,0.15714093787054448,0.014285714306211204,0.014285714306268503,0.014287582217512052,0.5706469058175938,0.014285714305413507,0.014286215637672944,0.014285714313119912
sample_75,0.2749999467550909,0.0250016364611643,0.025000000004126586,0.2749997610305244,0.2749920154292273,0.02500000001159931,0.02500197875400293,0.025000000009738493,0.025004338999585,0.02500032254494085
sample_76,0.05000000003479551,0.050000000030103124,0.05000000002282171,0.05000000005593085,0.05000000005625509,0.050000000064171136,0.5499999995609611,0.05000000005379858,0.0500000000463488,0.05000000007481422
sample_77,0.02500000000581926,0.5249999271375402,0.025003349281257553,0.025000000009361478,0.025000000009402265,0.02500000001073173,0.025003692775275452,0.0250000000089921,0.2749930307491132,0.025000000012506754
sample_78,0.5250017399157276,0.02500000005712084,0.025000000043239892,0.025000000106190214,0.0250000001063992,0.02500000012161406,0.27499825931817784,0.025000000101999806,0.025000000087760276,0.025000000141770225
sample_79,0.01250000000228814,0.01250000000197934,0.14088061361421392,0.012501336126317535,0.012500000003695132,0.7591180502379907,0.012500000002002841,0.012500000003543186,0.012500000003049459,0.012500000004919767
sample_80,0.03333333333552652,0.033333333335230114,0.033333333334771696,0.033334805877823614,0.03333333333687385,0.033333333337374815,0.033335236471324,0.03333333333674858,0.6999966242962791,0.033333333338047666
sample_81,0.5249979212575051,0.025001743734014533,0.025002886824503766,0.02500000003045475,0.2749974479250594,0.025000000034863096,0.025000000098420145,0.025000000029269644,0.02500000002521259,0.025000000040696885
sample_83,0.05000000000256675,0.050000000002219595,0.05000000000168142,0.05000000000412446,0.05000000000414161,0.0500000000047289,0.54999999996763,0.050000000003969265,0.050000000003418255,0.050000000005519615
sample_84,0.03333333335432208,0.03333333335148221,0.03333333334709255,0.36666656250223617,0.03333333336727103,0.03333333337199682,0.03333333335171866,0.03333333336579384,0.3666667706096091,0.03333333337847751
sample_85,0.011111111116603468,0.011111402762032001,0.011111985468024747,0.12222097961844408,0.011111793948397062,0.7888847393145838,0.011112655995184292,0.011111115395994239,0.011113105257598394,0.011111111123138163
sample_86,0.01111184000926527,0.01111111111654573,0.12221791610854098,0.011112428463473429,0.011112918254005814,0.011113946498118242,0.01111111111661245,0.011112478420512587,0.011111450202987495,0.7888847998099381
sample_87,0.020000000011319928,0.020000000009785295,0.5976931316691958,0.020000578746864114,0.020000000018267475,0.020000212743569994,0.2423060767275112,0.020000000034080832,0.020000000015088,0.02000000002431743
sample_88,0.02000000000687763,0.02000000000593954,0.020000000004499748,0.0200045723206119,0.020002288456270285,0.6199931008061603,0.22000003836515158,0.020000000010612785,0.020000000009135887,0.02000000001474033
sample_89,0.025000000015498472,0.025000000013405067,0.02500000001015212,0.02500000002492595,0.025000000025020282,0.025000000028551655,0.2750001878644255,0.27499933890646305,0.025000000020658057,0.2750004730908999
sample_90,0.033333333341414466,0.03333333334057331,0.3666587807783007,0.3666667810213877,0.0333333333464114,0.03333333334823036,0.03333876227084354,0.03333333334583435,0.033333333344105064,0.03333567586289912
sample_91,0.0033333333337685358,0.003333333333709493,0.9699998354774109,0.0033334453035900654,0.003333348297779001,0.0033333333341346713,0.0033333709145457542,0.0033333333340059427,0.003333333336787165,0.0033333333342684926
sample_92,0.24198259543898507,0.007692525141607161,0.007695610451751652,0.6195545764898701,0.007692766059330187,0.00769230771557448,0.0846099403869366,0.007692307711812646,0.007695062884736749,0.007692307719395413
sample_93,0.03333333333978338,0.03333333333890995,0.6999733722704503,0.03333608710991939,0.03333333334375107,0.033333333345213934,0.03333333333898229,0.033333333356852055,0.033357207208942745,0.03333333334719486
sample_94,0.006666666669764955,0.006667527355042991,0.10869680662262124,0.6500990326212966,0.0066669907728229135,0.06504693885756238,0.00666711106742159,0.006666733398778019,0.1361555259613619,0.006666666673327297
sample_95,0.020000000016212906,0.02000000001402258,0.020006229075085848,0.42000047294790066,0.02000000002618325,0.02000000002987599,0.21999552803231578,0.020000000030335204,0.219997769793191,0.02000000003487681
sample_97,0.008333443488526026,0.008340386191738514,0.3488393462465062,0.008333333349098096,0.008335432462918346,0.008333372426057804,0.5844824578461162,0.008334207990079988,0.008334686644819326,0.008333333354139669
sample_98,0.025000000054093367,0.025000000046716344,0.3380742927236592,0.025000000087099978,0.025000000087277534,0.025000000099496465,0.02500529928057467,0.025000000083543816,0.46192040742134044,0.02500000011619817
sample_99,0.03333333335103459,0.6999999997758721,0.03333333334497562,0.03333333336183197,0.033333333362024174,0.0333333333661998,0.03333333334890331,0.033333333360733144,0.03333333335700323,0.033333333371422184
sample_100,0.012500000017522047,0.1391100912746485,0.7608892680419345,0.012500161892736025,0.012500000028281668,0.01250047864149701,0.012500000015327402,0.01250000002707713,0.01250000002333051,0.012500000037645316
sample_102,0.01000000000318457,0.010000000002754151,0.23632401354477373,0.010001344316038644,0.010000000005141304,0.010000000005866427,0.010000179420314935,0.010000436794353888,0.6836740259007281,0.010000000006844307
sample_103,0.033333333334311294,0.03333333333417872,0.6999976157540548,0.0333357175683066,0.033333333334910835,0.03333333333513401,0.03333333333418903,0.03333333333484499,0.03333333333463492,0.03333333333543473
sample_104,0.020000000105721057,0.020000000013195882,0.02000000000999739,0.21999895277049236,0.02000000002462144,0.020000000028128188,0.020000000013340832,0.6200010469813645,0.020000000020327712,0.020000000032810612
sample_105,0.011111111118157515,0.011111111117214804,0.8999931843279859,0.011111111122462724,0.011111111122490809,0.01111133632571961,0.01111482534529329,0.011111111122015866,0.011113987272396687,0.011111111126262861
sample_106,0.3667047387997201,0.03333333334145341,0.033340940544530864,0.3666209872263823,0.033333333348489515,0.03333333335063353,0.03333333334155858,0.033333333347853746,0.033333333345842056,0.03333333335353597
sample_107,0.004761924968462836,0.004761904780348672,0.9571405533649715,0.004762726711827361,0.004762040565372025,0.004762150031371335,0.004762220954159156,0.004762121561611614,0.004762419532788872,0.004761937529086727
sample_108,0.02501387023953429,0.02500220867829717,0.33347608321118016,0.02500138215606336,0.025000000028515157,0.02500000003258091,0.025000825111092303,0.46650563048115484,0.025000000023527487,0.025000000038054377
sample_109,0.050000000014802336,0.050000000012802276,0.050000000009701326,0.050007767973718815,0.050000000023881296,0.0500000000273118,0.5499922318633629,0.050000000022885224,0.0500000000197191,0.050000000031814824
sample_110,0.03333333334319503,0.03333333334186313,0.03333333333980055,0.03333333334919253,0.03333333334925193,0.03333333335151174,0.3666664849941479,0.033333333348601155,0.36666684822789136,0.033333333354544685
sample_111,0.03333333333711424,0.0333333333366028,0.03333333333580931,0.03333333333941363,0.033333333339433925,0.03333333334030327,0.6999999999523125,0.03333333333917871,0.03333333333836761,0.033333333341464065
sample_112,0.008333333335989951,0.008333333335628858,0.008333584462691829,0.008333333337600743,0.7433924135582999,0.008334380756013282,0.18993906209012493,0.008333426812508316,0.008333798972100072,0.008333333339042286
sample_113,0.011111111124975946,0.01111111112313085,0.494396920372207,0.011111111133384699,0.011111111133481621,0.011111490891437552,0.3056033310935062,0.1222215908574004,0.011111111129569976,0.011111111140905789
sample_114,0.03333333333750847,0.03333421141888729,0.03333333333606407,0.033333333340033,0.6999958217179998,0.03333333334101935,0.03333439480159012,0.03333333333977789,0.033335572024826475,0.033333333342293506
sample_115,0.8499999999432445,0.01666666667059481,0.016666666669647067,0.016666666673970116,0.016666666674005643,0.016666666675041197,0.016666666670642653,0.016666666673698264,0.01666666667271566,0.01666666667644014
sample_116,0.005001145865112465,0.005001451900891856,0.005000391887698273,0.005000040087997465,0.06642294527707321,0.005000020896756566,0.8935716004740117,0.005001017147753378,0.005001386457515818,0.0050000000051892545
sample_117,0.006666722569682726,0.006666883000562675,0.391177321987084,0.15548580061688577,0.006666666680638034,0.4066643485440997,0.0066695008575514214,0.006669422380007213,0.00666666667819935,0.006666666685289082
sample_118,0.02000000001134552,0.02000000000980433,0.020009914143706377,0.592310943272341,0.24767810247605482,0.02000104001986202,0.020000000009913806,0.020000000017520697,0.02000000001508755,0.020000000024364094
sample_119,0.03333333334468602,0.03333333334315362,0.699993463353532,0.033333333351589896,0.03333333335165798,0.03333333335425908,0.03333653115683555,0.03333333335088633,0.0333366720356643,0.03333333335773523
sample_120,0.03333333333725456,0.03333333333674868,0.03334334389355385,0.699989989395496,0.033333333339673935,0.03333333334056333,0.03333333333676617,0.0333333333396084,0.033333333338571414,0.03333333334176375
sample_121,0.01666666667847244,0.016666666673810043,0.0166692021873089,0.016666666679925807,0.016666666679961882,0.18333239469274004,0.01666798431985305,0.016670348530035413,0.6833267368733411,0.01666666668455133
sample_122,0.025000000006998906,0.02500000000605314,0.025000000004591395,0.02500000001126114,0.0250044690258865,0.7749955309038613,0.02500000000613002,0.025000000010832614,0.025000000009333837,0.02500000001505118
sample_123,0.05000000000581836,0.05000000000503915,0.05000399569122562,0.050000000009492625,0.05000000000940161,0.05000000001072677,0.5499960042390218,0.05000000000900776,0.05000000000775293,0.0500000000125135
sample_124,0.03333333334243904,0.03333333334120686,0.699999999882342,0.03333333334796802,0.03333333334803649,0.03333333335012137,0.03333333334130708,0.033333333348211966,0.03333333334545985,0.0333333333529073
sample_125,0.016666666684802475,0.016666666682348997,0.01666666667855976,0.18333372367401063,0.016666666695934716,0.016667618392634743,0.5166573144861525,0.18333353925816587,0.01667447074171178,0.016666666705678578
sample_126,0.01250000000786504,0.012500000006372905,0.27431583916341484,0.5006738879846903,0.012502279027014262,0.13749954183321866,0.012502814781360653,0.012500000011390155,0.012504653266138624,0.012500983918534693
sample_127,0.02500000001330571,0.025000000011506485,0.02500297993386928,0.025000000021393923,0.025000000021522015,0.02500000002452726,0.025000000011644485,0.525000306141256,0.2749967137923576,0.025000000028617346
sample_128,0.02000000002054041,0.21999881469755697,0.020000000013455123,0.02000000003303875,0.020000000033151156,0.22000022439111175,0.02000000001796862,0.020000000031753652,0.42000096071726495,0.020000000044158712
sample_129,0.012500000013647983,0.012500000205698325,0.6290742413451037,0.14195649416596587,0.012500819246027152,0.01250666244277594,0.14144113896485505,0.012517843638398198,0.012502799948301448,0.012500000029226322
sample_130,0.5499999997346624,0.05000000001835902,0.050000000013960565,0.050000000034184124,0.0500000000342841,0.05000000003914972,0.05000000001857795,0.05000000003284969,0.05000000002832039,0.05000000004565213
sample_131,0.05000000000335875,0.050000000002904554,0.050009758251217125,0.05000000000734147,0.05000000000542638,0.05000000000618822,0.5499782569386533,0.0500000000052504,0.05001198477244399,0.050000000007215877
sample_132,0.011111111114151867,0.01111135685368433,0.01111159548383362,0.011111111115992701,0.8999974573363219,0.011111429283746185,0.0111111111137657,0.011111123041759699,0.011112593539052563,0.011111111117691386
sample_133,0.44767733687708416,0.020010555559768425,0.020005138845332775,0.39229169116483203,0.02000567973543497,0.020000000025502257,0.02000959772250226,0.02000000002138927,0.020000000018423742,0.02000000002973017
sample_134,0.6999999998824527,0.033333333341470296,0.03333333333951379,0.03333333334845246,0.0333333333485182,0.033333333350686896,0.033333333341564825,0.03333333334789334,0.0333333333458726,0.03333333335357494
sample_135,0.03333333334292314,0.3666665056211779,0.03333333333963415,0.36666130710327566,0.03333333334885312,0.03333333335101849,0.033333333341732885,0.03333333334816891,0.03333885384925166,0.03333333335396419
sample_136,0.020000000025895092,0.020000000022374308,0.02000000001696014,0.020000000041589493,0.020000000041754267,0.02000000004767277,0.6177028103376283,0.22229509876315443,0.020001391732595044,0.020000698970376287
sample_137,0.02500000001085263,0.2749999798190219,0.0250074058323871,0.02500112135012118,0.02500495242540684,0.025000000018340515,0.5249651986207725,0.025000000015397764,0.025021341886300383,0.025000000021399273
sample_138,0.033333333348487655,0.03333333334643399,0.033333333343271924,0.0333333333576978,0.6999999998200482,0.03333333336124335,0.0333333333465911,0.03333333335676763,0.03333333335352683,0.0333333333659315
sample_139,0.008333333337033934,0.008333333336532567,0.008335781026297341,0.8416641319993954,0.008333916578225263,0.09166569164386615,0.008333333336572405,0.008333333339062873,0.00833381206173163,0.008333333341282364
sample_140,0.6434174424550583,0.012500000012040026,0.01250209132145375,0.01250000002244179,0.012500000022467034,0.012500000025643856,0.012500000012186024,0.1315815515106546,0.13749891458813623,0.012500000029918598
sample_141,0.050000000022294135,0.5499999997189294,0.0500000000146059,0.050000000035790505,0.050000000035903804,0.05000000004102789,0.05000000001947675,0.05000000003444905,0.05000000002963064,0.050000000047892
sample_142,0.06070674859007893,0.4650641440614508,0.29805256360933147,0.0050010031975898876,0.005000000026289822,0.005000000029966742,0.1461705248890773,0.005000000025110837,0.0050050155362097665,0.005000000034894489
sample_144,0.033333333345512736,0.033333333343870376,0.033338727668522965,0.033333333352918416,0.033333333353003404,0.033333333355776505,0.3666668053343689,0.03333333335218323,0.03333333334956112,0.3666611335442824
sample_145,0.3666671036696688,0.03333333336933869,0.3666662291708855,0.033333333400252387,0.0333333334005364,0.03333333341013606,0.033333333369781455,0.03333333339770839,0.03333333338886553,0.03333333342282671
sample_146,0.37045203483322137,0.002702726819355407,0.14953151432185596,0.002702845822524193,0.08912473942091231,0.0027028244288376,0.002703331309750521,0.0027027028148097075,0.3746745775200103,0.0027027027087226894
sample_147,0.02500000000576071,0.025000000004967098,0.3389068827267947,0.02500531628993316,0.02500000000923724,0.025002223860053546,0.46108288776808465,0.025000000008868938,0.025002689313128625,0.025000000013171417
sample_148,0.5857124783258031,0.014285714291280208,0.014287843081792097,0.014285714296065257,0.2999996785077995,0.014285714297571106,0.014285714310186706,0.014285714295672615,0.014285714294288602,0.014285714299540883
sample_149,0.016666666674593197,0.016666880973543904,0.01666865328911659,0.016666666679410035,0.6833333321288079,0.016666666681266974,0.016666666673604953,0.01666666668331338,0.18333113353264344,0.016666666683699788
sample_150,0.2749921373498971,0.02500181978000921,0.025000000003147557,0.025001138610790098,0.02500000000774277,0.5250001894652714,0.02500000000420043,0.025004714762220746,0.02500000000638999,0.02500000001033055
sample_151,0.5062245459179833,0.07333576354199359,0.006251531447420349,0.18180569783843406,0.06875007830536618,0.006250000012767355,0.006250298986635749,0.07870101453520204,0.06618106939929846,0.006250000014899108
sample_152,0.05000000000180629,0.05000000000156235,0.050005667507257275,0.05000000000290357,0.5499943324724779,0.05000000000332751,0.050000000001581606,0.050000000002794254,0.05000000000240629,0.050000000003882855
sample_153,0.012504202804158891,0.012500000007792495,0.01250000000590863,0.13749892768216332,0.012500000014542628,0.012501434723164931,0.012500000007880931,0.6374968444534652,0.13749859028154504,0.012500000019377847
sample_154,0.033333333347432284,0.033333333345525726,0.3666661677125914,0.033333333356017694,0.03333333335609539,0.033333333359325826,0.03333333334568157,0.033333333355426466,0.03333333335212691,0.3666671654697767
sample_155,0.033333333353250554,0.03333333335057737,0.03333680002607423,0.0333333333653282,0.03333333336548082,0.3666635734974903,0.03333333335081346,0.36666629295497766,0.03333333335985215,0.03333333337615529
sample_156,0.03333333334507439,0.03333333334348743,0.03333333334102377,0.0333333333522122,0.033333333352278345,0.03333333335496845,0.033333333343634856,0.36666692273159096,0.36666641047715787,0.0333333333585717
sample_157,0.21999820048546717,0.02000000002120135,0.02000000001606254,0.020000000039418712,0.020000000043876375,0.02000016099008769,0.6200009083497171,0.02000000003792534,0.02000072996350274,0.020000000052741013
sample_158,0.01250000000627888,0.012500000005430114,0.01250000000410735,0.012500000010082698,0.012500000010114759,0.012500968710905985,0.7624994381210969,0.012500000009707966,0.012500000008348198,0.13749959311392723
sample_159,0.012500000006297288,0.012500000005441788,0.3512724185502662,0.5487243806641762,0.0125000000101683,0.012500000011598057,0.012503200720390911,0.012500000009736884,0.012500000008384363,0.012500000013540097
sample_160,0.03333333333904548,0.0333333333382732,0.033343415999000835,0.03333333334252256,0.6999899172695951,0.03333333334385314,0.03333333333833814,0.033333333342169376,0.03333333334158895,0.03333333334561326
sample_161,0.004167152110489241,0.5480958989236872,0.19448665318521247,0.004171307108236619,0.05023336536489473,0.004166734745129248,0.0041667937744176336,0.04584478366563502,0.14050001062383083,0.004167300498467124
sample_162,0.03333333334318219,0.03333333334184943,0.03333333333979656,0.033333333349154004,0.03333333334923649,0.03333333335146972,0.03333333334194396,0.03333333334856102,0.03333333334644887,0.6999999998883577
sample_163,0.01666666667315393,0.016666666672276127,0.016666666670919147,0.016666935155180893,0.016666666705980653,0.8499791231847874,0.016682389737458274,0.0166666666766967,0.01667155184292902,0.016666666680617847
sample_164,0.020000000022837177,0.02000012536839569,0.8199853820376327,0.020001214834484107,0.020001647653750825,0.020001563075771917,0.020003128008445125,0.020000010327505948,0.020006928656050624,0.020000000015125752
sample_165,0.3666666034527969,0.03333333335027875,0.3666667296485784,0.033333333364871064,0.03333333336498139,0.03333333336943977,0.03333333335049443,0.03333333336363085,0.03333333335949491,0.03333333337543353
sample_166,0.05000000003623569,0.05000000003127562,0.05000000002374537,0.050000000058240845,0.050020691642761204,0.0500000000667123,0.5499793079590947,0.05000000005595533,0.05000000004819116,0.05000000007778794
sample_167,0.5545464944253695,0.11732212324805912,0.2644925871177396,0.009092995138659295,0.009090909109756446,0.009090909112426658,0.009091254516525317,0.00909090910896758,0.009090909106469295,0.009090909116027217
sample_168,0.039767721736141605,0.11031773263890463,0.06178046719261769,0.5323460188682694,0.0035715547940572434,0.0035714285816695122,0.16056315442794175,0.0035714288019967006,0.0035723038127364794,0.08093818914566508
sample_169,0.05000000000273054,0.05000000000133048,0.05000764248144373,0.05000150300135455,0.050006670075171844,0.050000000002819775,0.05000616594495299,0.05000000000236853,0.5499780184845393,0.050000000003288185
sample_170,0.016671945347938883,0.5166356331145866,0.34998976005570037,0.016666666682907633,0.016685955960852476,0.016666666685272776,0.01667064922957618,0.016674548435436035,0.01667150779935956,0.0166666666883695
sample_171,0.34999948388028346,0.016666666673541063,0.01666879122498885,0.01667181424752987,0.01666721935452908,0.016666989960472105,0.01667002068024816,0.016666666678957144,0.5166556806156911,0.01666666668375926
sample_172,0.020003440873413863,0.02000056849467276,0.5580377329281201,0.020000000007952785,0.020000000007983364,0.020000740124891857,0.28195141484095765,0.020000000007657417,0.02000610270371571,0.02000000001063457
sample_173,0.025000103225540762,0.025000000005045177,0.5249989217211148,0.025001115038456884,0.025000000009407015,0.2749922209250273,0.025000000005104366,0.025000000009054474,0.0250076390487135,0.025000000012535748
sample_174,0.020000000006165017,0.020000000005325636,0.02000023939445944,0.020000132340702362,0.02000000000994763,0.020000000011343017,0.8199996282010916,0.020000000009525204,0.02000000000820433,0.02000000001323571
sample_175,0.03333333335811416,0.033333333354765945,0.03333333334958552,0.36666617311454197,0.3666671599643076,0.03333333337899763,0.03333333335502005,0.0333333333716885,0.03333333336635439,0.03333333338662423
sample_176,0.020000000019890427,0.02000000001720522,0.020000000013030157,0.020000000031936745,0.020000000032085553,0.23329813144313957,0.0200000000174007,0.020017152016321964,0.6066847163661861,0.02000000004280346
sample_177,0.0500000000175091,0.05000000001513823,0.05000000001148589,0.050000000028174126,0.050000000028300906,0.05000000003229425,0.05000000001534211,0.05000000002710556,0.05000000002335236,0.5499999998012975
sample_178,0.09138808679321306,0.004166806306270925,0.2282777794929494,0.6511651912630066,0.0041666666714633245,0.004168505868731795,0.004166666669268135,0.004166963591415456,0.0041666666706253975,0.004166666673055971
sample_179,0.011111111126889601,0.011111111243165633,0.011113585970584356,0.12222264548286313,0.7888711662711472,0.011111477418624687,0.011111360981830848,0.01111126168491605,0.011117123338687659,0.011119156481290724
sample_180,0.01250000000837145,0.1374989363622747,0.6374999020645656,0.012500000013524033,0.13750017503650072,0.012500231887425009,0.012500629987314854,0.012500000012921654,0.012500000011166182,0.012500124615935776
sample_181,0.020000000020778556,0.02000000001795204,0.020001046181634844,0.0200000000334151,0.8199736961081056,0.020000000038239547,0.02001470883557475,0.020000637821657726,0.02000991089808241,0.02000000004455948
sample_182,0.42454241463077513,0.02000000000816294,0.41544284175420093,0.020002890219906738,0.02000411264796509,0.020000000017401192,0.02000774067408842,0.02000000001462822,0.020000000012578775,0.020000000020292622
sample_184,0.006250000002641354,0.006250438119348626,0.006250166324137014,0.006250369048661267,0.1311365551306472,0.006250566843632184,0.006250282137851473,0.006250091453539878,0.8188614713206108,0.006250059618930157
sample_185,0.014285714301954007,0.29999915639486124,0.014286586735834427,0.014286391704667755,0.014286679119134548,0.014286183539008356,0.44285506331047875,0.014285714310816142,0.15714279626260017,0.014285714320644677
sample_186,0.03333333334627743,0.03333333334452854,0.36665185228371794,0.03334273772737997,0.033333333354231096,0.03333333335721472,0.03333713721059882,0.03333333335337062,0.3666682726614958,0.033333333361185075
sample_187,0.03333333335255514,0.033333333349895036,0.03333333334594001,0.03333333336420242,0.033333333364298015,0.033337752331451816,0.36666244879891435,0.03333333336302055,0.3666664653552133,0.03333333337450941
sample_188,0.09172591638107475,0.0916682988522167,0.008333828776897074,0.008333333336384698,0.008333726485028682,0.7582680818103441,0.008335607224317207,0.008333396595075567,0.00833447720131131,0.008333333337350033
sample_189,0.008333333336661456,0.008333333336213267,0.1082740722583775,0.008336180491873065,0.008334541005805067,0.008333333339461147,0.8250541925356083,0.008333645082990275,0.008333333337762342,0.008334035275247667
sample_190,0.020000318849144164,0.02000000000529699,0.496742810769907,0.020000000009838505,0.02000000000988117,0.020002150832966886,0.020000628299884138,0.3432540912017663,0.02000000000815472,0.02000000001316019
sample_191,0.014285714294163821,0.014285714292409876,0.6527958503494957,0.014286184183227189,0.23290990446629828,0.01428571429999555,0.014293775201141395,0.014285714297665716,0.014285714313285321,0.01428571430231713
sample_192,0.025000000016178463,0.5249994801864304,0.02500000001058602,0.025000000026020704,0.2750005196354329,0.02500000002976566,0.02500000001411911,0.025000000025192377,0.025000000021512415,0.02500000003476207
sample_193,0.02500736446317631,0.025003658724597182,0.7749889765421996,0.025000000039531,0.02500000003970637,0.025000000045356012,0.02500000002157103,0.025000000038142137,0.025000000032817965,0.02500000005290242
sample_195,0.7620445328237101,0.004166723167884668,0.1360055305755909,0.004167424218564389,0.0041686079390648514,0.004169786563853902,0.004166868311224437,0.07277536926266445,0.004168394915641941,0.0041667622218004114
sample_196,0.020000000000761735,0.020000000000658685,0.5168229598286229,0.32317704008749776,0.020000000001234756,0.020000000001403232,0.020000000000666564,0.020000000001177767,0.020000000076338828,0.02000000000163778
sample_197,0.03333333333523695,0.033333333334979266,0.03333333333458106,0.033333333336393954,0.03333333334799782,0.03333376521189308,0.6999976078212377,0.03333333333627684,0.03333529360397673,0.033333333337426586
sample_198,0.34159593807471245,0.011111309977843526,0.4555558055252236,0.12506600583781893,0.011111111128560763,0.01111111113106351,0.01111111112058379,0.011111592636075284,0.011114903432501117,0.011111111135617085
sample_199,0.0015384839248716543,0.0015385259258736048,0.001538778671940592,0.08341929887237239,0.001538532843236422,0.0015384679315763106,0.0015387622928942446,0.001539942834216454,0.8196623408496857,0.08614686585333264
